$SPEC_ID:
ESBS
$SPEC_REM:
$DATE_MEA:
11/18/2022 11:24:18
$MEAS_TIM:
600 664
$DATA:
0 4095
0
0
0
0
0
0
0
0
0
0
0
0
0
0
0
0
0
0
0
0
0
0
0
0
0
0
0
0
0
0
0
0
0
0
0
0
0
0
0
0
0
0
0
0
0
5
6
18
32
63
146
238
354
538
651
735
866
903
998
1049
1115
1240
1502
2044
2233
1641
1341
1285
1343
1478
1460
1535
1650
1700
1813
1889
2002
2262
2311
2451
2544
2708
2958
3486
3854
4087
4434
3789
3679
6178
12203
25140
38194
24629
6460
2763
2619
2021
1658
1452
1184
1050
993
1055
950
957
992
980
944
1000
985
932
996
1005
934
942
966
957
968
901
972
1032
986
968
990
949
945
955
981
1014
981
1024
1032
998
962
985
1011
1016
1015
1003
1011
1022
1066
995
1097
1079
1119
1099
1076
1087
1088
1088
1094
1100
1072
1090
1100
1115
1154
1170
1218
1120
1246
1243
1315
1248
1311
1233
1313
1321
1317
1501
1741
2034
1819
1403
1278
1170
1169
1219
1125
1120
1159
1187
1144
1067
1108
1121
1143
1093
1120
1132
1136
1125
1154
1239
1197
1230
1266
1230
1224
1205
1202
1185
1217
1252
1216
1228
1248
1323
1276
1210
1241
1249
1299
1254
1218
1239
1233
1225
1067
1124
1035
978
948
988
975
923
826
860
880
839
884
855
821
891
1011
1185
973
805
805
778
753
730
667
689
680
659
643
616
650
592
609
580
574
541
577
521
527
521
481
521
497
482
479
474
457
471
449
457
453
371
399
388
416
366
362
357
379
367
375
328
320
314
350
330
354
468
764
1307
2864
4490
3171
1005
392
329
279
275
292
265
265
262
218
245
230
234
237
213
214
268
212
242
244
332
564
1176
2779
6340
9952
6419
1612
480
318
268
253
243
193
200
181
202
161
164
182
155
162
148
177
171
158
174
157
168
148
153
179
164
143
146
158
157
142
161
138
155
132
176
175
152
124
177
142
184
158
177
158
215
241
478
1104
2645
6735
16263
26918
18692
4936
1000
523
391
251
206
188
161
157
125
124
114
120
105
104
106
120
110
112
114
111
150
218
366
786
1776
3340
3055
1222
290
134
100
93
81
78
68
59
60
66
62
72
56
66
60
63
82
66
68
62
58
80
66
72
70
57
63
57
55
60
77
63
65
84
74
86
88
87
92
91
73
99
108
103
121
130
105
159
157
203
267
271
185
93
50
51
41
51
45
47
45
44
49
36
39
40
37
43
43
40
38
44
44
47
46
50
53
52
70
60
42
38
32
44
39
29
31
31
30
37
31
40
38
30
34
41
35
34
29
32
24
25
28
37
33
42
37
32
35
34
24
27
39
36
26
44
40
34
22
33
27
35
31
40
40
49
45
48
33
35
37
22
28
34
38
34
24
33
24
37
28
28
26
29
29
30
35
33
31
25
28
24
31
24
29
25
31
34
34
31
26
26
28
25
28
24
28
33
31
34
25
23
23
24
23
25
24
23
20
16
21
25
16
14
16
19
17
24
20
18
28
19
27
27
32
33
18
22
18
20
17
13
15
11
15
14
17
9
14
17
23
12
17
11
17
13
12
23
19
15
22
17
16
20
30
14
15
27
17
11
9
15
18
16
14
18
14
14
20
14
14
12
20
10
27
15
27
22
26
28
16
13
12
8
9
10
15
12
13
11
10
18
4
12
10
9
15
15
19
20
20
23
32
39
37
40
41
34
18
13
6
6
10
8
7
6
5
7
7
6
4
8
7
6
15
11
6
9
8
12
8
6
8
15
9
7
9
10
14
11
3
6
8
10
6
12
12
11
12
17
18
15
23
32
23
27
30
43
42
48
44
26
17
11
4
7
5
4
4
4
0
3
3
1
2
6
3
3
10
5
7
9
11
11
11
10
17
16
9
15
10
1
4
5
1
2
3
2
3
3
2
3
4
2
2
0
1
0
5
3
3
2
1
1
1
2
5
1
4
0
2
6
3
1
2
1
4
1
2
2
1
4
4
2
3
2
1
0
0
3
0
4
1
1
3
1
2
0
3
2
1
1
2
0
2
1
2
2
2
1
1
3
1
4
0
2
2
0
2
1
0
0
0
2
0
0
2
0
0
4
2
2
1
2
0
2
0
0
2
3
4
3
1
3
3
1
1
3
0
0
0
1
0
0
1
0
2
0
0
3
1
2
2
4
4
2
1
0
0
0
1
1
0
2
0
0
3
4
1
3
0
1
0
0
2
2
0
1
1
1
0
1
2
0
1
1
3
0
1
1
0
0
0
3
0
0
3
0
1
3
2
0
1
0
0
1
3
0
0
0
0
2
1
2
1
1
0
0
2
2
0
1
1
0
1
1
2
1
1
1
0
0
0
0
0
0
1
1
0
3
1
0
1
1
0
0
0
1
4
0
4
0
1
3
2
3
1
1
0
3
0
1
1
2
0
1
0
1
1
1
0
0
3
1
4
0
1
2
0
2
0
0
0
2
0
2
0
1
0
0
1
1
0
2
1
1
1
1
1
0
0
2
1
1
0
1
1
0
1
1
1
0
1
2
0
2
0
1
3
0
1
2
0
2
1
0
1
1
0
1
0
2
0
0
0
1
2
2
0
0
1
1
0
2
0
1
2
0
1
0
1
0
0
0
0
0
1
1
2
0
1
0
1
1
2
1
0
0
0
1
1
0
2
1
1
1
0
0
1
2
0
0
1
0
4
1
1
2
1
1
1
1
0
0
0
0
3
3
0
0
1
0
3
1
3
2
0
1
0
1
1
3
0
1
1
0
2
2
3
1
1
0
1
2
0
0
2
0
1
0
0
0
1
1
3
2
1
0
1
1
1
0
0
0
0
0
0
3
0
4
2
2
4
2
0
0
0
0
1
1
0
1
0
2
0
0
0
1
0
1
1
0
0
1
0
0
0
2
1
0
0
0
1
0
1
0
0
0
1
1
2
0
0
1
1
1
0
1
0
1
0
2
0
0
1
1
1
1
0
2
3
1
1
2
0
1
2
1
1
3
0
1
1
1
2
1
0
0
1
1
1
0
2
2
0
2
1
0
0
1
1
1
2
0
1
1
0
2
1
0
0
1
0
0
0
0
0
1
0
0
0
1
0
2
0
0
0
0
0
1
0
0
1
2
1
2
0
0
0
0
1
0
2
1
0
1
0
0
0
0
0
0
0
1
0
0
0
0
1
1
2
0
0
0
0
2
0
0
1
0
2
0
0
1
0
0
1
1
0
0
0
0
0
0
0
0
2
0
0
0
1
0
1
0
1
0
1
0
0
3
1
0
0
2
1
3
2
0
0
0
1
0
1
1
0
0
0
1
1
0
0
0
0
0
0
1
0
0
0
0
0
0
0
2
0
1
0
1
0
0
0
0
1
0
0
0
0
0
0
0
0
0
0
0
0
1
0
1
0
1
1
0
0
0
0
1
1
0
0
1
0
1
0
0
0
0
0
0
0
1
1
1
1
0
0
0
0
1
0
0
0
0
0
0
0
1
0
0
1
0
1
0
0
0
0
0
0
0
0
0
0
0
0
2
0
0
0
0
0
1
1
1
8
11
9
4
2
0
3
0
1
0
0
0
0
0
1
0
0
0
0
0
0
0
0
1
0
0
1
0
0
0
1
0
0
1
1
0
0
0
1
0
0
0
0
0
0
0
0
0
0
0
0
2
0
0
0
0
0
1
0
1
0
0
0
0
0
0
1
0
1
0
0
0
1
0
0
0
1
0
1
1
0
1
0
1
0
0
0
0
0
1
0
1
0
0
0
1
0
1
1
0
0
0
0
1
1
0
0
0
0
0
0
0
1
0
0
0
1
0
0
0
0
1
1
0
0
0
1
2
0
0
0
0
0
0
0
0
1
1
0
0
0
1
0
0
0
0
0
1
0
0
0
0
0
0
0
0
0
0
0
2
0
0
0
1
0
0
0
0
1
1
0
0
0
0
0
1
0
0
0
1
0
0
0
1
0
1
0
0
0
0
0
0
0
0
0
0
1
0
0
0
1
0
0
0
1
1
0
0
0
0
0
0
0
0
0
0
0
0
0
0
0
0
0
0
0
0
0
0
0
0
0
0
0
0
0
1
0
1
0
0
0
1
0
0
0
0
0
0
2
1
0
0
0
0
0
1
1
0
0
0
0
0
0
0
0
0
0
0
1
0
0
0
1
0
0
1
0
0
0
0
0
0
0
0
0
0
0
0
0
0
0
0
0
1
0
0
0
0
0
0
0
0
0
0
0
0
0
0
0
1
1
1
1
0
0
0
0
0
0
0
0
0
1
0
0
0
0
0
0
0
0
0
0
0
1
0
0
0
0
0
0
1
0
0
0
0
0
1
0
0
0
0
0
0
0
0
1
0
0
0
0
0
0
0
1
0
0
0
1
0
0
1
0
0
0
0
0
0
0
0
0
0
0
0
0
0
0
1
0
0
0
0
1
0
0
0
1
0
0
0
1
0
0
0
0
0
0
1
0
0
1
0
0
0
1
0
0
0
0
0
0
0
0
0
0
0
0
0
0
0
0
0
0
0
0
0
0
0
0
0
1
0
0
0
0
1
0
1
0
0
0
0
1
0
0
0
0
0
0
0
1
0
0
0
0
0
0
3
0
0
1
0
1
0
0
0
1
0
0
0
0
0
0
0
0
0
0
0
0
0
1
0
0
0
0
0
0
0
0
0
2
1
0
0
0
2
0
0
0
0
0
0
0
0
0
0
1
0
0
0
0
0
0
0
0
0
0
0
1
1
0
0
0
0
0
0
0
0
0
0
0
0
0
0
0
1
1
0
0
0
0
0
0
0
1
0
0
0
0
0
0
0
0
0
0
0
0
0
0
0
0
0
0
0
0
0
0
0
1
0
1
0
0
0
0
0
0
0
0
0
0
0
0
0
0
0
0
0
0
0
0
0
0
0
0
0
0
0
0
0
0
0
1
0
0
2
0
1
0
0
0
0
0
0
0
0
0
0
0
0
0
0
0
0
0
0
0
0
0
0
0
1
0
0
0
0
1
0
0
0
0
0
0
0
0
1
1
0
1
1
0
0
0
0
0
0
0
0
0
0
0
0
0
0
0
0
0
0
0
0
0
0
0
0
0
0
0
0
0
0
0
0
0
0
1
0
0
0
0
1
2
0
0
0
0
0
0
0
0
0
0
0
0
0
1
0
0
0
0
0
1
0
0
0
0
0
0
0
0
0
0
0
0
0
2
0
1
0
0
0
0
0
0
0
0
0
0
0
0
0
0
0
0
0
0
0
0
1
0
1
0
0
0
0
0
1
0
0
0
0
0
0
0
0
0
0
0
0
0
0
0
0
0
0
1
0
0
0
0
0
0
0
0
0
0
0
0
0
0
1
0
0
0
0
0
0
0
0
0
0
0
1
0
0
0
0
0
0
0
0
0
0
0
0
0
1
0
0
0
1
0
1
0
0
0
0
0
0
0
0
0
0
0
1
0
0
1
0
0
0
0
0
0
1
0
0
0
0
0
0
1
0
0
1
0
0
0
0
1
0
0
0
0
0
0
0
0
0
0
0
0
1
0
1
0
0
0
0
0
0
0
0
0
0
0
0
0
0
0
0
0
0
1
0
0
0
0
0
0
0
0
0
0
0
0
0
0
0
0
0
0
0
0
0
0
0
0
0
0
0
0
0
0
0
1
0
0
0
0
0
0
0
0
1
0
0
0
0
0
0
0
0
0
0
0
0
0
0
0
0
0
0
0
0
1
0
1
0
0
0
0
0
0
0
0
0
0
0
0
0
0
0
0
0
0
0
0
0
0
0
0
0
0
0
0
0
0
0
0
0
0
0
0
1
0
0
0
0
0
0
0
0
0
0
1
0
0
0
0
0
0
0
0
0
1
0
0
0
0
1
0
0
0
0
0
0
0
0
0
0
0
0
0
0
0
0
0
1
0
0
0
0
0
0
0
0
0
0
1
0
0
0
0
0
0
0
0
0
0
0
0
0
0
0
0
0
0
0
0
0
0
0
0
0
0
0
0
0
0
0
0
0
0
0
0
0
0
0
0
0
0
0
0
0
0
0
0
0
1
0
0
0
0
0
0
0
0
0
0
0
0
0
0
0
0
0
0
0
0
0
0
0
0
0
0
1
0
0
0
0
0
0
0
0
0
0
0
0
0
0
0
0
0
0
0
0
0
0
0
0
0
0
0
0
0
0
0
0
0
0
0
0
0
1
0
1
3
1
1
0
0
0
0
0
0
0
0
0
0
0
0
0
0
1
0
0
0
0
0
0
0
0
0
0
0
0
0
1
0
0
0
0
0
0
0
0
0
0
0
0
0
0
0
0
0
0
0
0
0
0
0
0
0
0
0
0
0
0
0
0
0
0
0
0
0
0
0
0
0
0
0
0
0
0
0
0
0
0
0
0
0
0
0
0
0
0
0
0
0
0
0
0
0
0
0
0
0
0
0
0
0
0
1
1
0
0
0
0
0
0
0
0
0
0
0
0
0
0
0
0
0
0
0
0
0
0
0
0
0
0
0
0
0
0
0
0
0
0
0
0
0
0
0
0
0
0
0
0
0
0
0
0
0
0
0
0
0
0
0
0
0
0
0
0
1
0
0
0
0
0
0
0
0
0
0
0
0
0
0
0
0
0
0
0
0
0
0
0
0
0
0
0
0
0
0
0
0
0
0
0
0
0
0
0
0
0
0
0
0
0
0
0
0
0
0
0
0
0
0
0
0
0
0
0
0
0
0
0
0
0
0
0
0
0
0
0
0
0
0
0
0
0
0
0
0
0
0
0
0
0
0
0
0
0
0
0
0
0
0
0
0
0
0
0
0
0
0
0
1
0
0
0
0
0
0
0
0
0
0
0
0
0
0
0
0
0
0
0
0
0
0
0
0
0
1
0
0
0
0
0
0
0
0
0
0
0
0
0
0
0
0
0
0
0
0
0
0
0
0
0
0
0
0
0
1
0
0
0
0
0
0
0
1
0
0
0
0
0
0
0
0
0
0
0
0
0
0
0
0
0
0
0
0
0
0
0
0
1
0
0
0
0
0
0
0
0
0
0
0
0
0
0
0
0
0
0
0
0
0
0
0
0
0
0
0
0
0
0
0
0
0
0
0
0
0
0
0
0
0
0
0
0
0
0
0
0
0
0
0
0
0
0
0
0
0
0
0
0
0
0
0
0
0
0
0
0
0
0
0
0
0
0
0
0
0
0
0
0
0
0
0
0
0
0
0
0
0
0
0
0
0
0
0
0
0
0
0
0
0
0
0
0
0
0
0
0
0
0
0
0
0
0
0
0
0
0
0
0
0
0
0
0
0
0
0
0
0
0
0
0
0
0
0
0
0
0
0
0
0
0
0
0
0
0
0
0
0
0
0
0
0
0
0
0
0
0
0
0
0
0
0
0
0
0
0
0
0
0
0
0
0
0
0
0
0
0
0
0
0
0
0
0
0
0
0
0
0
0
0
0
0
0
0
0
0
0
0
0
0
0
0
0
2
0
0
0
0
0
0
0
0
0
0
0
0
0
0
0
0
0
0
0
0
0
0
0
0
0
0
0
0
0
0
0
0
0
0
0
0
0
0
0
0
0
1
0
0
0
0
0
0
0
0
0
0
0
0
0
0
0
0
0
0
0
1
0
0
0
0
0
0
0
0
0
0
0
0
0
0
0
0
0
0
0
0
0
0
0
0
0
0
0
0
0
0
0
0
0
0
0
0
0
0
0
0
0
0
0
0
0
0
0
0
0
0
0
0
0
0
0
0
0
0
0
0
1
0
0
0
0
0
0
0
0
0
0
0
0
0
0
0
0
0
0
0
0
0
0
0
0
0
0
0
0
0
0
0
0
0
0
0
0
0
0
0
0
0
0
0
0
0
0
0
0
0
0
0
0
0
0
0
0
0
0
0
0
0
0
0
0
0
0
0
0
0
0
0
0
0
0
0
0
0
0
0
0
0
0
0
0
0
0
0
0
0
0
0
0
0
0
0
0
0
0
0
0
0
0
0
0
0
0
0
0
0
0
0
0
0
0
0
0
0
0
0
0
0
0
0
0
0
0
0
0
0
0
0
0
0
0
0
0
1
0
0
0
1
0
0
0
0
0
0
0
0
0
0
0
0
0
0
0
0
0
0
0
0
0
0
0
0
0
0
0
0
0
0
0
0
0
0
0
0
0
0
0
1
0
0
0
0
0
0
0
0
0
0
0
0
0
0
0
0
0
0
0
0
0
0
0
0
0
0
0
0
0
0
0
0
0
0
0
0
0
0
0
0
0
0
0
0
0
0
0
0
0
0
0
0
0
0
0
0
0
0
0
0
0
0
0
0
0
0
0
0
0
0
0
0
1
0
0
0
0
0
0
0
0
0
0
0
0
0
0
0
0
0
0
0
0
0
0
0
0
0
0
0
0
0
0
0
0
0
0
0
0
0
0
0
0
0
0
0
0
0
0
0
0
0
0
0
0
0
0
0
0
0
0
0
0
0
0
0
0
0
0
0
0
0
0
0
0
0
0
0
0
0
0
0
0
0
0
0
0
0
0
0
0
0
0
0
0
0
0
0
0
0
0
0
0
0
0
0
0
0
0
0
0
0
0
0
0
0
0
0
0
0
0
0
0
0
0
0
0
0
0
0
0
0
0
0
0
0
0
0
0
0
0
0
0
0
0
0
0
1
0
0
0
0
0
0
0
0
0
0
0
0
0
0
0
0
0
0
0
0
0
0
0
0
0
0
0
0
0
0
0
0
0
0
0
0
0
0
0
0
0
0
0
0
0
0
0
0
0
0
0
0
0
0
0
0
0
0
0
0
0
0
0
0
0
0
0
0
0
0
0
0
0
0
0
0
0
0
0
0
0
0
0
0
0
0
0
0
0
0
0
0
0
0
0
0
0
0
0
0
0
0
0
0
0
0
0
0
0
0
0
1
0
0
0
1
0
0
0
0
0
0
0
0
0
0
0
0
0
0
0
0
0
0
0
0
0
0
0
0
0
0
0
0
0
0
0
0
0
0
0
0
0
0
0
0
0
0
0
0
0
0
0
0
0
0
0
0
0
0
0
0
0
0
0
0
0
0
0
0
0
1
0
0
0
0
0
0
0
0
0
0
0
0
0
0
0
0
0
0
0
0
0
0
0
0
0
0
0
0
0
0
0
0
0
0
0
0
0
0
0
0
0
0
0
0
0
0
0
1
0
0
0
0
0
0
0
0
0
0
0
0
0
0
0
0
0
0
0
0
0
0
0
0
0
0
0
0
0
0
0
0
0
0
0
0
0
0
0
0
0
0
0
0
0
0
0
0
0
0
0
0
0
0
0
0
0
0
0
0
0
0
0
0
0
0
0
0
0
0
0
0
0
0
0
0
0
0
0
0
0
0
0
0
0
0
0
0
0
0
0
0
0
0
0
0
0
0
0
0
0
0
0
0
0
0
$ROI:
0
$ENER_FIT:
-7.358645 0.813934
$MCA_CAL:
3
-7.358645e+000 8.139344e-001 0.000000e+000
