          MeV        barns
         1e-11      0.19418 
   1.10304e-11     0.184888 
   1.21669e-11     0.176041 
   1.34206e-11     0.167617 
   1.48034e-11     0.159597 
   1.63287e-11      0.15196 
   1.80111e-11     0.144689 
   1.98669e-11     0.137765 
   2.19139e-11     0.131173 
   2.41719e-11     0.124896 
   2.66625e-11      0.11892 
   2.94097e-11     0.113229 
     3.244e-11     0.107811 
   3.57825e-11     0.102652 
   3.94694e-11    0.0977403 
   4.35362e-11    0.0930634 
   4.80221e-11    0.0886102 
   5.29701e-11    0.0843701 
    5.8428e-11     0.080333 
   6.44483e-11    0.0764889 
   7.10888e-11    0.0728289 
   7.84136e-11     0.069344 
   8.64931e-11    0.0660258 
   9.54051e-11    0.0628664 
   1.05235e-10    0.0598582 
   1.16078e-10    0.0569939 
   1.28039e-10    0.0542667 
   1.41231e-10      0.05167 
   1.55784e-10    0.0491975 
   1.71835e-10    0.0468434 
    1.8954e-10    0.0446019 
    2.0907e-10    0.0424677 
   2.30612e-10    0.0404355 
   2.54374e-10    0.0385007 
   2.80584e-10    0.0366584 
   3.09494e-10    0.0349042 
   3.41383e-10     0.033234 
   3.76558e-10    0.0316437 
   4.15358e-10    0.0301296 
   4.58155e-10    0.0286878 
   5.05362e-10    0.0273151 
   5.57433e-10     0.026008 
   6.14869e-10    0.0247635 
   6.78223e-10    0.0235786 
   7.48105e-10    0.0224503 
   8.25188e-10     0.021376 
   9.10213e-10    0.0203532 
      1.004e-9    0.0193793 
    1.10745e-9    0.0184519 
    1.22155e-9     0.017569 
    1.34742e-9    0.0167283 
    1.48625e-9    0.0159278 
    1.63939e-9    0.0151657 
    1.80831e-9      0.01444 
    1.99463e-9     0.013749 
    2.20016e-9    0.0130911 
    2.42685e-9    0.0124647 
    2.67691e-9    0.0118682 
    2.95273e-9    0.0113003 
    3.25697e-9    0.0107596 
    3.59256e-9    0.0102447 
    3.96272e-9    0.0097545 
    4.37103e-9   0.00928774 
    4.82141e-9    0.0088433 
    5.31819e-9   0.00842014 
    5.86616e-9   0.00801723 
    6.47059e-9   0.00763359 
     7.1373e-9   0.00726831 
    7.87271e-9   0.00692051 
    8.68389e-9   0.00658935 
    9.57865e-9   0.00627404 
    1.05656e-8   0.00597382 
    1.16543e-8   0.00568797 
    1.28551e-8   0.00541579 
    1.41796e-8   0.00515663 
    1.56406e-8   0.00490988 
    1.72522e-8   0.00467494 
    1.90298e-8   0.00445124 
    2.09906e-8   0.00423824 
    2.31534e-8   0.00403544 
    2.52419e-8   0.00386489 
       2.53e-8   0.00386045 
    2.79068e-8   0.00367573 
    3.07823e-8   0.00349984 
     3.3954e-8   0.00333238 
    3.74525e-8   0.00317292 
    4.13115e-8   0.00302111 
    4.55681e-8   0.00287656 
    5.02633e-8   0.00273893 
    5.54423e-8   0.00260791 
    6.11549e-8   0.00248317 
    6.74561e-8   0.00236444 
    7.44066e-8   0.00225143 
    8.20732e-8   0.00214386 
    9.05297e-8   0.00204145 
    9.98577e-8   0.00194393 
    1.10147e-7   0.00185104 
    1.21496e-7   0.00176256 
    1.34014e-7   0.00167827 
    1.47823e-7   0.00159797 
    1.63054e-7   0.00152148 
    1.79855e-7   0.00144864 
    1.98386e-7   0.00137932 
    2.18827e-7   0.00131334 
    2.41375e-7   0.00125053 
    2.66245e-7   0.00119072 
    2.93678e-7   0.00113376 
    3.23938e-7   0.00107947 
    3.57316e-7   0.00102776 
    3.94132e-7  0.000978579 
    4.34743e-7  0.000931788 
    4.79537e-7  0.000887225 
    5.28947e-7  0.000844786 
    5.83448e-7  0.000804411 
    6.43565e-7  0.000765878 
    7.09876e-7  0.000729178 
     7.8302e-7  0.000694327 
      8.637e-7  0.000661084 
    9.52693e-7  0.000629428 
    1.05086e-6  0.000599367 
    1.15913e-6  0.000570777 
    1.27857e-6  0.000543434 
     1.4103e-6  0.000517474 
    1.55562e-6  0.000492726 
     1.7159e-6  0.000469057 
    1.89271e-6  0.000446644 
    2.08772e-6  0.000425279 
    2.30284e-6     0.000405 
    2.55803e-6  0.000384205 
    2.82161e-6  0.000365923 
    3.11233e-6  0.000348443 
    3.43302e-6  0.000331666 
    3.81327e-6  0.000314731 
    4.23585e-6  0.000298622 
     4.6723e-6  0.000284414 
    5.18982e-6  0.000269764 
    5.80533e-6  0.000255149 
    6.49383e-6  0.000241228 
    7.11311e-6   0.00023047 
    7.84603e-6  0.000219491 
    8.65446e-6  0.000208967 
    9.47932e-6  0.000199679 
    1.03833e-5  0.000190826 
    1.12938e-5  0.000183069 
    1.24575e-5  0.000174305 
    1.36448e-5  0.000166607 
    1.50508e-5  0.000158676 
    1.67187e-5  0.000150561 
    1.83121e-5  0.000143935 
     1.9918e-5  0.000138046 
    2.16646e-5  0.000132387 
    2.34005e-5  0.000127444 
    2.58116e-5  0.000121315 
    2.84711e-5  0.000115608 
     3.0537e-5  0.000111654 
    3.34475e-5  0.000106661 
    3.63806e-5  0.000102322 
    3.92956e-5   9.84677e-5 
    4.27415e-5   9.44315e-5 
    4.64895e-5   9.05895e-5 
    5.12797e-5   8.62398e-5 
    5.53858e-5   8.30513e-5 
    6.02426e-5   7.96325e-5 
    6.69186e-5   7.55603e-5 
    7.22769e-5   7.27356e-5 
    7.80682e-5   6.99984e-5 
    8.61121e-5   6.66607e-5 
    9.43195e-5   6.37183e-5 
   0.000101163   6.15411e-5 
   0.000110811   5.89627e-5 
   0.000123953   5.59222e-5 
   0.000135767    5.3573e-5 
   0.000149756    5.1146e-5 
   0.000166351   4.86622e-5 
   0.000180939   4.67811e-5 
   0.000196806   4.49604e-5 
   0.000214064   4.32083e-5 
   0.000231204   4.16696e-5 
   0.000256826   3.96402e-5 
   0.000277391   3.82469e-5 
   0.000299617   3.68663e-5 
   0.000332803   3.50766e-5 
   0.000361988   3.37207e-5 
   0.000390992   3.25122e-5 
   0.000428258   3.11453e-5 
   0.000462572   3.00356e-5 
   0.000513808   2.85733e-5 
   0.000554977   2.75684e-5 
   0.000599416    2.6574e-5 
   0.000665842   2.52833e-5 
   0.000724231   2.43059e-5 
   0.000782222   2.34373e-5 
   0.000862819   2.23745e-5 
   0.000938481   2.15041e-5 
    0.00100658   2.08093e-5 
     0.0011499   1.97241e-5 
    0.00127726   1.89067e-5 
    0.00142874    1.8069e-5 
    0.00162074   1.71721e-5 
     0.0017753    1.6556e-5 
    0.00197194   1.58624e-5 
    0.00202797   1.57076e-5 
    0.00231344   1.50852e-5 
    0.00258781   1.45767e-5 
    0.00290388   1.40701e-5 
    0.00326562   1.35694e-5 
    0.00367801   1.30836e-5 
    0.00411366   1.26412e-5 
    0.00459921   1.22151e-5 
         0.005   1.19008e-5 
     0.0062128   1.15107e-5 
    0.00716156   1.12643e-5 
     0.0085223   1.09631e-5 
          0.01   1.06905e-5 
     0.0100705   1.06905e-5 
          0.02   1.07603e-5 
     0.0246325   1.11915e-5 
     0.0309232   1.16898e-5 
     0.0375793   1.21332e-5 
       0.04697   1.26647e-5 
     0.0503527   1.28474e-5 
       0.06115   1.36708e-5 
     0.0731148   1.44785e-5 
     0.0888526   1.54172e-5 
      0.151058    1.8697e-5 
      0.202822     2.098e-5 
      0.253527   2.29371e-5 
       0.31064   2.48064e-5 
      0.362397    2.6365e-5 
      0.405643   2.75613e-5 
      0.469316   2.90423e-5 
      0.514208   2.99811e-5 
      0.612637   3.18098e-5 
      0.724794   3.36138e-5 
      0.864101   3.56206e-5 
       1.02842   3.78546e-5 
       1.22551   4.02299e-5 
       1.43978    4.2436e-5 
       1.65707   4.44155e-5 
       1.89051   4.63104e-5 
       2.05683   4.75092e-5 
       2.58917    5.0859e-5 
       3.59945   5.66038e-5 
       4.05643   5.89308e-5 
       5.03527   6.30851e-5 
           5.5   6.58004e-5 
             6   6.98088e-5 
           6.5   7.53171e-5 
             7   8.39745e-5 
         7.553  0.000101169 
         8.053  0.000111899 
         8.553  0.000116249 
         9.053  0.000111628 
         9.553    9.6734e-5 
        10.053   8.79668e-5 
       10.1948    8.5091e-5 
       10.3387   8.21744e-5 
       10.4845   7.92166e-5 
        10.553    7.7828e-5 
       10.7019   7.51722e-5 
       10.8529   7.24789e-5 
        11.006   6.97477e-5 
        11.053    6.8909e-5 
       11.2089    6.7281e-5 
       11.3671     6.563e-5 
       11.5274   6.39558e-5 
        11.553    6.3689e-5 
        11.716   6.28069e-5 
       11.8813   6.19123e-5 
       12.0489   6.10052e-5 
        12.053    6.0983e-5 
        12.223   6.25739e-5 
       12.3955   6.41873e-5 
        12.553    6.5661e-5 
       12.7301   6.90433e-5 
       12.9097   7.24732e-5 
        13.053     7.521e-5 
       13.2372   8.22793e-5 
       13.4239   8.94484e-5 
        13.553    9.4404e-5 
       13.7442  0.000103504 
       13.9381  0.000112732 
        14.053    0.0001182 
       14.2513  0.000126547 
       14.4523  0.000135012 
        14.553   0.00013925 
       14.7583  0.000149245 
       14.9665  0.000159381 
        15.053   0.00016359 
       15.2654  0.000171218 
       15.4807  0.000178954 
        15.553   0.00018155 
       15.7724  0.000188251 
       15.9949  0.000195047 
        16.053   0.00019682 
       16.2795  0.000201499 
       16.5092  0.000206244 
        16.553   0.00020715 
       16.7865  0.000208028 
       17.0234  0.000208919 
        17.053   0.00020903 
       17.2936  0.000206586 
       17.5376  0.000204107 
        17.553   0.00020395 
       17.8006   0.00020029 
       18.0518  0.000196578 
        18.053   0.00019656 
       18.3077  0.000195745 
        18.553   0.00019496 
       18.8148  0.000195897 
        19.053   0.00019675 
       19.3218  0.000201895 
        19.553   0.00020632 
       19.8289  0.000209375 
            20   0.00021127 
            20            0 
       20.2822            0 
       20.5683            0 
       20.8585            0 
       21.1528            0 
       21.4512            0 
       21.7538            0 
       22.0607            0 
        22.372            0 
       22.6876            0 
       23.0077            0 
       23.3323            0 
       23.6615            0 
       23.9953            0 
       24.3338            0 
       24.6771            0 
       25.0253            0 
       25.3783            0 
       25.7364            0 
       26.0995            0 
       26.4677            0 
       26.8411            0 
       27.2198            0 
       27.6038            0 
       27.9932            0 
       28.3882            0 
       28.7887            0 
       29.1948            0 
       29.6067            0 
       30.0244            0 
        30.448            0 
       30.8776            0 
       31.3132            0 
        31.755            0 
        32.203            0 
       32.6573            0 
       33.1181            0 
       33.5853            0 
       34.0591            0 
       34.5396            0 
       35.0269            0 
       35.5211            0 
       36.0222            0 
       36.5304            0 
       37.0458            0 
       37.5685            0 
       38.0985            0 
        38.636            0 
       39.1811            0 
       39.7338            0 
       40.2944            0 
       40.8629            0 
       41.4394            0 
        42.024            0 
       42.6169            0 
       43.2182            0 
       43.8279            0 
       44.4462            0 
       45.0733            0 
       45.7092            0 
       46.3541            0 
        47.008            0 
       47.6712            0 
       48.3438            0 
       49.0258            0 
       49.7175            0 
       50.4189            0 
       51.1303            0 
       51.8516            0 
       52.5831            0 
        53.325            0 
       54.0773            0 
       54.8402            0 
       55.6139            0 
       56.3986            0 
       57.1942            0 
       58.0011            0 
       58.8194            0 
       59.6493            0 
       60.4908            0 
       61.3442            0 
       62.2097            0 
       63.0874            0 
       63.9774            0 
         64.88            0 
       65.7954            0 
       66.7236            0 
        67.665            0 
       68.6196            0 
       69.5877            0 
       70.5695            0 
       71.5651            0 
       72.5747            0 
       73.5986            0 
        74.637            0 
       75.6899            0 
       76.7578            0 
       77.8407            0 
       78.9389            0 
       80.0526            0 
        81.182            0 
       82.3273            0 
       83.4888            0 
       84.6667            0 
       85.8612            0 
       87.0725            0 
        88.301            0 
       89.5467            0 
       90.8101            0 
       92.0912            0 
       93.3905            0 
        94.708            0 
       96.0442            0 
       97.3992            0 
       98.7733            0 
       100.167            0 
        101.58            0 
       103.013            0 
       104.466            0 
        105.94            0 
       107.435            0 
       108.951            0 
       110.488            0 
       112.047            0 
       113.627            0 
        115.23            0 
       116.856            0 
       118.505            0 
       120.177            0 
       121.872            0 
       123.591            0 
       125.335            0 
       127.103            0 
       128.897            0 
       130.715            0 
       132.559            0 
       134.429            0 
       136.326            0 
       138.249            0 
         140.2            0 
       142.178            0 
       144.184            0 
       146.218            0 
       148.281            0 
           150            0 

