$SPEC_ID:
ESBS
$SPEC_REM:
$DATE_MEA:
11/18/2022 11:12:34
$MEAS_TIM:
600 640
$DATA:
0 4095
0
0
0
0
0
0
0
0
0
0
0
0
0
0
0
0
0
0
0
0
0
0
0
0
0
0
0
0
0
0
0
0
0
0
0
0
0
0
0
0
0
0
0
0
0
0
1
10
26
45
85
133
187
285
328
383
424
420
496
509
521
503
522
526
605
565
562
580
583
597
596
675
587
592
622
616
621
614
695
701
660
739
799
1007
1362
1426
1577
1229
700
635
633
633
644
638
692
846
1078
958
827
703
625
577
591
581
568
549
562
518
558
530
557
549
567
551
534
563
539
537
581
596
532
507
560
562
547
563
534
572
579
575
590
599
546
545
558
545
589
566
561
571
556
533
543
583
530
574
591
524
555
615
589
567
565
524
553
575
582
581
578
547
580
587
579
578
562
561
539
554
529
581
557
568
569
546
546
579
559
524
560
535
568
515
541
541
534
537
577
567
582
501
541
539
558
536
536
529
582
586
585
602
574
588
593
588
610
623
571
598
594
576
588
544
588
576
561
563
548
582
568
570
547
557
545
528
547
512
559
496
517
538
556
491
542
532
523
535
513
530
531
575
511
522
509
485
517
521
526
508
509
484
559
517
478
537
526
549
515
536
515
542
485
521
529
549
521
494
521
482
525
502
546
501
495
497
486
513
563
525
507
495
473
470
527
496
519
502
546
538
474
487
542
483
510
488
547
474
545
486
491
500
498
468
511
484
510
495
506
500
495
467
514
471
499
481
476
507
473
501
514
486
496
482
475
497
474
491
481
489
510
498
492
487
449
473
466
511
548
461
526
475
484
455
496
437
437
477
503
491
509
503
498
501
450
474
490
454
470
479
477
487
469
511
506
484
499
484
498
516
516
473
486
497
498
486
471
449
460
428
497
466
492
486
485
490
487
474
482
435
430
494
461
478
487
443
471
466
442
512
458
486
456
475
456
435
464
463
514
469
494
498
487
505
464
452
459
470
478
482
485
471
486
480
497
472
464
461
518
516
516
490
502
520
540
504
510
491
511
520
521
524
529
514
571
511
536
552
555
515
545
545
514
547
560
528
554
583
547
577
577
615
615
612
570
562
642
553
626
580
591
550
586
639
592
644
633
638
644
635
676
638
651
619
591
686
641
681
680
649
673
627
653
600
634
585
546
490
506
418
433
407
416
369
339
327
339
299
350
288
293
329
313
318
280
295
302
271
288
292
251
261
272
277
245
243
236
241
245
241
241
217
194
212
246
214
222
206
197
203
201
186
207
197
188
188
195
216
171
191
192
181
151
146
148
144
153
146
163
127
140
144
127
115
146
126
135
111
107
131
96
124
104
92
92
112
97
103
104
69
75
79
92
83
90
68
70
93
86
73
96
64
64
68
67
63
77
82
60
64
61
63
68
70
66
61
69
75
59
58
77
62
83
49
59
58
68
53
61
64
64
60
68
51
40
58
48
63
63
41
66
78
43
58
52
67
61
51
61
50
56
42
57
69
63
64
48
55
58
64
47
52
66
42
59
43
72
54
71
61
50
61
74
64
59
59
56
64
78
57
46
67
58
61
76
89
72
110
108
199
441
1078
2084
4338
11115
19679
14307
3855
553
190
140
106
92
83
73
60
46
42
29
21
20
24
28
21
18
16
19
16
18
18
12
18
24
18
23
12
22
15
23
22
14
23
15
19
18
16
18
22
17
19
21
18
17
15
8
16
12
15
17
24
18
14
19
25
21
18
13
17
15
15
17
19
20
19
19
23
15
17
15
17
23
18
22
16
19
20
11
19
13
13
22
18
20
17
15
15
13
14
15
17
14
13
10
22
13
22
18
22
16
12
14
10
8
16
11
15
17
13
19
13
17
22
19
18
11
6
19
23
11
14
21
8
9
12
9
14
17
15
16
19
21
13
13
15
10
10
8
10
10
13
15
10
19
11
10
16
8
10
16
12
10
14
18
12
11
10
8
11
14
17
15
14
16
14
18
18
8
13
15
10
7
13
18
9
12
9
9
11
15
11
8
7
15
7
9
7
11
8
15
9
16
8
14
7
17
10
12
15
15
11
11
7
11
11
9
16
10
9
9
11
14
12
4
8
10
11
16
8
13
8
9
14
11
15
9
7
12
13
8
8
9
5
13
8
9
12
8
9
14
14
11
13
7
12
5
13
14
6
9
10
8
12
8
7
13
9
11
12
13
9
6
9
8
9
10
7
12
12
12
10
7
12
7
11
10
9
13
1
12
7
4
11
5
8
10
2
6
9
7
4
6
11
10
7
9
6
9
11
11
10
11
5
10
13
4
5
9
11
11
7
10
4
4
6
7
5
7
6
8
2
11
9
6
11
4
9
11
2
5
2
8
3
8
3
14
2
4
8
6
7
8
7
9
6
10
12
9
5
8
6
9
3
4
5
4
6
5
4
6
10
6
9
8
5
8
4
7
8
7
8
10
2
6
11
9
10
8
8
9
6
8
9
6
1
4
8
5
9
5
4
5
7
5
8
4
4
5
9
6
7
7
9
8
8
3
5
6
3
10
8
7
5
7
7
5
6
4
7
11
6
7
2
3
3
9
8
8
5
3
2
6
9
5
7
8
3
5
6
4
7
7
7
4
10
6
3
4
10
3
7
8
5
1
9
7
6
3
4
7
5
4
6
3
6
7
6
4
4
7
6
2
1
6
5
7
8
1
3
5
3
3
4
5
6
3
6
3
1
9
4
1
4
1
3
3
5
2
7
1
1
4
2
6
4
5
3
6
4
3
4
3
3
3
4
2
0
1
0
3
4
0
6
3
5
1
5
2
1
2
2
1
1
2
2
3
0
3
2
3
3
7
1
2
1
2
1
1
3
1
1
3
1
0
0
0
1
0
2
4
0
3
3
2
2
1
0
1
1
2
2
2
2
0
1
0
1
4
3
1
2
1
0
5
0
0
1
1
0
1
2
1
0
2
0
0
4
0
1
3
0
1
3
1
0
1
3
0
3
2
1
4
0
3
4
1
3
1
3
2
2
2
5
2
0
0
4
2
3
0
2
3
2
2
1
4
1
3
1
0
3
0
3
4
3
2
4
2
4
3
5
9
6
4
8
6
6
11
7
7
11
7
10
11
8
14
17
10
17
10
3
5
0
0
0
1
0
2
0
1
0
0
1
1
0
1
1
1
1
0
0
1
0
2
1
0
1
0
3
0
0
0
0
0
1
0
0
0
0
1
2
0
0
0
0
1
0
0
0
0
2
1
0
0
0
0
1
2
0
0
1
0
0
0
0
0
1
0
1
0
0
0
1
0
1
0
0
0
0
0
1
0
0
0
0
1
0
1
0
0
2
0
0
0
0
0
0
0
0
0
0
1
0
0
1
0
1
0
1
0
0
0
1
0
1
0
0
0
0
0
0
0
0
0
1
1
0
0
0
1
0
2
2
0
0
1
1
1
5
3
5
1
2
1
0
0
0
0
1
1
1
1
0
0
1
1
0
0
1
0
1
0
0
0
0
1
0
0
0
1
1
0
0
0
0
1
1
0
0
0
0
1
0
0
0
0
1
0
0
0
1
0
0
0
0
0
0
0
0
0
1
1
0
1
0
0
0
0
0
0
0
0
1
0
0
0
0
0
0
0
0
0
0
0
0
1
1
0
0
0
1
0
0
2
1
1
1
0
0
0
0
0
1
1
1
0
0
0
0
1
0
1
0
0
1
0
0
0
0
1
0
0
0
0
0
0
0
0
1
0
0
0
0
1
2
0
0
0
0
0
0
0
1
0
0
0
0
0
0
0
0
0
0
0
1
1
0
0
0
0
0
0
0
0
0
1
1
0
0
1
0
0
1
0
0
0
0
0
0
0
0
1
0
0
0
0
0
0
0
0
0
0
0
1
0
0
0
0
0
0
1
0
1
0
0
0
0
0
0
0
0
0
1
0
0
0
0
1
0
0
0
0
0
0
0
0
2
0
0
1
0
0
0
0
0
0
0
0
1
0
1
0
0
0
0
0
0
0
0
0
0
0
0
0
0
1
0
0
1
0
0
0
0
0
1
1
0
0
0
0
0
1
0
0
1
0
0
1
0
0
0
0
0
0
0
0
0
0
0
0
0
0
0
0
0
0
1
0
0
0
0
0
0
0
0
0
3
3
3
0
0
1
0
0
1
0
0
0
0
0
0
0
0
0
0
0
0
0
0
0
0
0
0
0
0
0
0
0
1
0
0
0
1
0
0
0
0
0
0
0
0
2
0
0
0
0
0
0
0
1
0
0
0
0
0
0
0
0
0
2
0
0
0
0
0
0
0
0
0
1
0
0
1
0
0
0
0
0
0
0
0
0
0
1
0
0
1
0
0
0
0
0
0
0
0
0
0
1
0
1
0
0
0
0
0
0
0
0
0
0
0
0
0
0
0
0
0
0
0
0
0
0
0
0
0
0
0
0
0
1
0
2
0
1
0
0
0
0
0
0
1
0
0
1
0
0
1
0
0
0
0
2
0
0
0
0
0
1
0
0
0
0
0
0
0
0
0
0
0
0
0
0
0
0
0
0
0
0
0
0
0
0
0
0
0
0
0
0
1
0
0
0
0
0
0
0
1
0
0
1
0
0
0
0
0
0
0
0
0
1
1
1
0
0
0
0
0
0
0
0
0
0
0
0
0
0
0
0
0
0
0
0
0
1
0
0
0
0
0
0
2
0
0
0
0
0
0
0
0
0
0
0
0
0
0
0
0
0
0
0
0
0
0
0
0
0
0
0
0
0
0
1
0
1
0
0
0
0
0
0
0
0
0
0
0
0
0
0
0
0
1
0
0
0
0
0
0
1
0
0
0
0
1
0
0
0
0
0
0
0
0
1
0
0
0
0
0
0
0
0
1
0
0
0
0
0
0
0
0
0
0
0
0
0
0
0
0
0
0
0
0
1
0
3
0
1
0
1
0
1
0
0
0
0
0
0
0
0
0
0
0
0
0
0
0
0
1
0
0
0
0
0
0
0
0
0
0
0
0
0
0
1
1
0
0
0
0
0
0
0
0
0
0
0
0
0
0
1
0
1
0
0
0
0
0
0
0
0
0
0
0
0
0
0
0
0
0
0
0
0
0
0
0
0
0
0
0
0
0
0
0
0
0
0
0
0
0
0
0
0
0
0
0
0
0
0
0
1
0
0
0
0
0
0
0
0
0
0
0
0
0
1
0
0
1
0
0
0
0
0
0
1
0
0
0
0
0
0
0
0
0
0
0
1
0
0
0
0
0
0
0
0
0
0
0
0
0
0
0
0
1
0
0
0
0
0
0
0
1
0
0
0
0
0
0
0
0
0
0
1
0
1
0
0
0
0
1
0
0
0
0
0
0
0
0
0
0
0
1
0
0
0
0
0
0
0
1
1
0
0
0
0
0
0
0
0
0
0
0
1
0
0
0
0
0
0
0
0
0
0
0
0
0
0
0
1
0
0
0
0
0
0
0
1
0
0
0
0
0
0
0
0
0
0
0
0
0
0
0
0
0
0
0
0
0
0
0
0
0
1
1
1
0
0
0
0
0
0
0
0
0
0
0
0
0
0
0
0
0
0
0
0
0
0
0
0
0
0
0
0
0
0
0
0
0
0
0
0
0
0
0
0
0
0
0
0
0
0
0
0
0
0
0
0
1
0
0
1
1
0
0
0
0
0
0
0
0
0
0
1
0
0
0
0
0
0
1
0
0
0
0
0
0
0
0
0
0
0
0
0
0
0
0
0
0
0
0
0
0
0
0
0
0
0
0
0
0
0
0
0
0
0
0
0
0
0
0
0
1
0
0
0
0
0
0
0
0
0
0
0
0
0
0
0
0
0
0
0
0
0
0
0
0
0
0
0
0
0
0
0
0
0
0
0
0
0
0
1
0
0
0
0
0
0
0
0
0
0
0
0
0
0
0
0
1
0
0
0
0
0
0
0
0
0
0
0
0
0
0
0
0
0
0
0
0
0
0
0
0
0
0
0
0
0
0
0
0
0
0
0
0
0
0
0
0
0
0
0
0
0
0
0
0
0
0
0
0
0
0
0
0
0
0
0
0
0
0
0
0
0
0
0
0
0
0
0
0
0
0
0
0
0
2
1
3
0
1
0
0
0
0
0
0
0
0
0
0
0
0
0
0
0
0
0
0
0
0
0
0
0
0
0
0
0
0
0
0
0
0
0
0
0
0
0
0
0
0
0
0
0
0
0
0
1
0
0
0
0
0
0
0
0
0
0
0
0
0
0
0
0
0
0
0
0
0
0
0
0
0
0
0
1
0
0
0
0
0
0
0
0
0
0
0
0
0
0
0
0
0
0
0
0
0
0
0
0
0
0
0
0
0
0
0
0
0
0
0
0
0
0
0
0
0
0
0
0
0
0
0
0
0
0
0
1
0
0
0
0
1
0
0
0
0
0
0
0
0
0
0
0
0
0
0
0
0
0
0
0
0
0
0
0
0
0
0
0
0
0
0
0
0
0
0
0
0
0
0
0
0
0
0
0
0
0
0
0
0
0
0
0
0
0
0
0
0
0
0
0
0
0
0
0
1
0
0
0
0
0
0
0
0
0
0
0
0
0
0
0
0
0
0
0
0
0
0
0
0
0
0
0
0
0
0
0
0
0
0
0
0
0
1
0
0
0
0
0
0
0
0
0
0
0
0
0
0
0
0
0
0
0
0
0
0
0
0
0
0
0
0
0
0
0
0
0
0
0
0
0
0
0
0
0
0
0
0
0
0
0
0
0
0
0
0
0
0
0
0
0
0
0
0
0
0
0
0
0
0
0
0
0
0
0
0
0
0
0
1
0
0
0
0
0
0
0
0
0
1
0
0
0
0
0
0
0
0
0
0
0
0
0
0
0
0
0
0
0
0
0
0
0
0
0
0
0
0
0
0
0
0
0
0
0
0
0
0
0
0
0
0
0
0
0
0
0
0
0
0
0
0
0
0
0
0
0
0
0
0
0
0
0
0
0
0
0
0
0
0
0
0
0
0
0
0
0
0
0
0
0
0
0
0
0
0
0
0
0
0
0
0
0
0
0
0
0
0
0
0
0
0
0
0
0
0
0
0
0
0
0
0
0
0
0
0
0
0
0
0
0
0
0
0
0
0
0
0
0
0
0
0
0
0
0
0
0
0
0
0
0
0
0
0
0
0
0
0
0
0
0
0
0
1
0
0
0
0
0
0
0
0
0
0
0
0
0
0
0
0
0
0
0
0
0
0
0
0
0
0
0
0
0
0
0
0
0
0
0
0
0
0
0
0
0
0
0
0
0
0
0
0
0
0
0
0
0
0
0
1
0
0
0
0
0
0
0
0
0
0
0
0
0
0
0
0
0
0
0
0
0
0
0
0
0
0
0
0
0
0
0
0
0
0
0
0
0
0
0
0
0
0
0
0
0
0
0
0
0
0
0
0
0
0
0
0
0
0
0
0
1
0
0
0
0
0
0
0
0
0
0
0
0
0
0
0
0
0
0
0
0
0
0
0
0
0
0
0
0
0
0
0
0
0
1
0
0
0
0
0
0
0
0
0
0
0
0
0
0
0
0
0
0
0
0
0
0
0
0
0
0
0
0
0
0
0
0
0
0
0
0
0
0
0
0
0
0
0
0
0
0
0
0
0
0
0
0
0
0
0
0
0
0
0
0
0
0
0
0
0
0
0
0
0
0
0
0
0
0
0
0
0
0
0
1
0
0
0
0
0
0
0
0
0
0
0
0
0
0
1
0
0
0
0
0
0
0
0
0
0
0
0
0
0
0
0
0
0
0
0
0
0
0
0
0
0
0
0
0
0
0
0
0
0
0
0
0
0
0
0
0
0
0
0
0
0
0
0
0
0
0
0
0
0
0
0
0
0
0
0
0
0
0
0
0
0
0
1
0
0
0
0
0
0
0
0
0
0
0
0
0
0
0
0
0
0
0
0
0
0
0
0
0
0
0
0
0
0
0
0
0
0
0
0
0
0
0
0
0
0
0
0
0
0
0
0
0
0
0
0
0
0
0
0
0
0
0
0
0
0
0
0
0
0
0
0
0
0
0
0
0
0
0
0
0
0
0
0
0
0
0
0
0
0
0
0
0
0
0
0
0
0
0
0
0
0
0
0
0
0
0
0
0
0
0
0
0
0
0
0
0
0
0
0
0
0
0
0
0
0
0
0
0
0
0
0
0
0
0
0
0
0
0
0
0
0
0
0
0
0
0
0
0
0
0
0
0
0
0
0
0
0
0
0
0
0
0
0
0
0
0
0
0
0
0
0
0
0
0
0
0
0
0
0
0
0
0
0
0
0
0
0
0
0
0
0
0
0
0
0
0
0
0
0
0
0
0
0
0
0
0
0
0
0
0
0
0
0
0
0
0
0
0
0
0
0
0
0
0
0
0
0
0
0
0
0
0
0
0
0
0
0
0
0
0
0
0
0
0
0
0
0
0
0
1
0
0
0
0
0
0
0
0
0
0
0
0
0
1
0
0
0
0
0
0
0
0
0
0
0
0
0
0
0
0
0
0
0
0
0
0
0
0
0
0
0
0
0
0
0
0
0
0
0
0
0
0
0
0
0
0
0
0
0
0
0
0
0
0
0
0
0
0
0
0
0
0
0
0
0
0
0
0
0
0
0
0
0
0
0
0
0
0
0
0
0
0
0
0
0
0
0
0
0
0
0
0
0
0
0
0
0
0
0
0
0
0
0
1
0
0
0
0
0
0
0
0
0
0
0
0
0
0
0
0
0
0
0
0
0
0
0
0
0
0
0
0
0
0
0
0
0
0
1
0
0
0
0
0
0
0
0
0
0
0
0
0
0
0
0
0
0
0
0
0
0
0
0
0
0
0
0
0
0
0
0
0
0
0
0
0
0
0
0
0
0
0
0
0
0
0
0
0
0
0
0
0
0
0
0
0
0
0
0
0
0
0
0
0
0
1
0
0
0
0
0
0
0
0
0
0
0
0
0
0
0
0
0
0
0
0
0
0
0
0
0
0
0
0
0
0
0
0
0
0
0
0
0
0
0
0
0
0
0
0
0
0
0
0
0
0
0
0
0
0
0
0
0
0
0
0
0
0
0
0
0
0
0
0
0
0
0
0
0
0
0
0
0
0
0
0
0
0
0
0
0
0
0
0
0
0
0
0
0
0
0
0
0
0
0
0
0
0
0
0
0
0
0
0
0
0
0
0
0
0
0
0
0
0
0
0
0
0
0
0
0
0
0
0
0
0
0
0
0
0
0
0
0
0
0
0
0
0
0
0
0
0
0
0
0
0
0
0
0
0
0
0
0
0
0
0
0
0
0
0
0
0
0
0
0
0
0
$ROI:
0
$ENER_FIT:
-7.358645 0.813934
$MCA_CAL:
3
-7.358645e+000 8.139344e-001 0.000000e+000
