$SPEC_ID:
ESBS
$SPEC_REM:
$DATE_MEA:
11/18/2022 12:06:20
$MEAS_TIM:
600 604
$DATA:
0 4095
0
0
0
0
0
0
0
0
0
0
0
0
0
0
0
0
0
0
0
0
0
0
0
0
0
0
0
0
0
0
0
0
0
0
0
0
0
0
0
0
0
0
0
0
0
0
0
0
1
4
12
5
20
24
39
46
57
38
53
44
69
48
60
61
57
70
49
62
60
84
88
75
59
72
63
74
68
57
69
70
79
71
66
89
58
94
88
69
80
77
71
71
75
63
61
76
90
92
69
75
81
81
65
77
82
78
63
68
51
63
93
68
61
74
65
78
81
78
70
68
69
69
79
70
74
74
79
59
54
74
69
66
78
74
71
80
53
70
69
67
73
75
65
68
85
82
71
72
90
96
112
154
93
76
67
84
78
71
67
79
92
73
98
90
91
80
85
79
71
92
83
84
94
76
87
91
81
69
78
81
89
80
82
93
78
86
66
66
100
85
87
76
86
77
99
65
82
96
84
87
102
72
88
111
122
92
72
67
46
60
55
58
62
38
59
62
61
62
40
56
47
47
60
45
44
64
44
48
47
50
59
43
58
60
42
35
37
47
48
53
63
34
44
46
41
46
45
48
42
51
41
37
36
35
42
39
45
44
45
32
33
36
20
39
43
41
31
25
37
43
42
41
46
36
32
43
29
35
42
32
30
40
30
27
25
33
34
31
32
38
25
23
33
32
32
31
25
26
31
27
21
27
24
33
25
22
21
29
19
26
23
38
35
31
18
28
30
27
19
19
27
18
27
32
24
22
28
26
20
15
31
28
25
20
18
30
16
25
24
12
26
26
20
29
28
25
30
34
34
40
87
505
1885
1917
585
72
15
24
11
14
13
11
12
11
25
15
17
20
13
25
17
25
20
16
7
11
13
6
10
16
10
16
12
15
18
16
18
10
10
13
12
11
7
8
16
11
19
11
17
13
17
15
8
13
10
11
21
23
71
124
59
25
17
12
10
11
12
12
11
14
10
21
11
9
16
13
19
12
21
14
15
9
25
66
220
254
75
17
13
9
11
20
12
8
18
13
12
5
8
9
15
13
15
11
10
8
11
8
14
12
11
8
10
8
2
9
9
12
10
8
6
10
8
9
12
11
10
17
14
15
11
14
19
16
7
15
12
12
8
13
10
5
9
15
8
7
13
7
12
8
12
9
17
12
18
10
12
11
9
7
9
8
10
13
11
8
13
13
20
10
9
13
11
7
10
8
14
7
7
12
17
23
13
8
16
10
10
11
16
14
6
9
15
12
7
15
5
11
11
10
14
5
7
13
11
8
12
11
11
10
11
11
11
6
9
10
11
17
11
15
18
8
9
9
11
9
12
8
10
18
8
11
9
9
9
9
18
10
4
14
14
14
9
19
10
8
13
14
10
10
11
14
9
14
14
12
7
7
9
4
8
14
7
10
8
12
7
2
9
6
11
8
13
12
9
15
10
8
12
9
21
17
20
13
6
9
12
14
11
8
12
8
11
8
9
8
16
13
7
12
9
5
9
11
8
7
12
11
9
8
8
14
11
6
13
7
6
9
10
6
7
6
11
13
9
9
18
9
7
11
7
6
12
7
6
7
12
6
12
12
6
11
14
10
11
8
8
10
14
7
10
16
9
13
14
9
8
12
14
6
10
10
11
8
6
10
9
9
21
11
9
11
6
8
10
12
12
13
11
13
8
13
8
10
10
9
9
3
7
8
12
10
13
7
9
10
10
10
9
13
11
8
8
13
5
8
7
3
12
10
9
5
10
10
12
7
7
7
12
9
10
6
6
8
10
9
10
8
11
9
12
14
3
8
14
14
4
8
14
10
7
7
6
11
15
12
16
8
15
5
12
5
10
8
11
14
4
9
7
9
7
9
13
12
7
9
7
10
12
9
12
9
11
18
8
12
12
7
5
10
10
17
8
7
4
9
9
17
11
12
7
9
18
49
50
25
13
10
4
17
9
10
9
17
12
9
11
12
10
11
9
10
13
9
16
9
11
20
7
13
13
14
12
10
20
8
11
9
12
8
8
8
11
8
11
10
12
9
11
10
10
7
11
9
15
11
16
9
17
8
10
14
11
15
8
18
11
13
10
10
17
6
6
13
8
8
12
12
14
15
13
8
10
12
7
14
11
5
10
11
18
11
8
7
10
7
9
13
17
14
5
12
5
6
7
16
6
10
7
9
12
8
9
12
8
11
10
4
10
4
5
6
7
4
14
10
11
9
8
8
13
10
7
9
10
11
3
4
7
8
8
6
13
6
13
7
13
9
11
7
14
12
15
4
6
10
5
9
8
12
8
5
10
4
8
9
14
11
5
9
13
7
4
6
14
6
1
8
11
6
10
6
8
15
6
5
8
9
8
8
12
4
9
4
6
13
10
12
9
5
7
6
9
5
8
13
7
11
14
6
7
9
8
3
12
5
10
8
4
13
8
3
9
5
6
12
8
7
11
5
9
8
8
14
9
9
9
11
8
13
6
5
9
6
12
9
16
6
8
6
14
9
12
7
7
11
7
6
11
7
14
10
10
8
8
8
6
7
8
10
11
8
9
10
7
8
7
6
9
8
8
5
10
10
7
23
80
180
161
54
23
5
7
9
7
8
5
5
7
12
10
8
2
2
5
5
3
5
7
5
6
10
7
4
2
8
6
6
4
6
3
1
2
5
5
4
8
8
6
8
10
2
3
2
8
8
2
2
6
6
1
8
3
4
5
6
8
5
4
2
1
3
4
3
3
2
5
4
3
3
2
5
1
2
4
1
3
4
2
4
4
3
2
3
4
5
3
4
6
5
7
3
5
6
2
6
3
4
3
2
2
5
2
3
3
4
3
6
4
2
4
7
2
2
3
7
3
2
2
2
7
5
2
2
2
3
2
2
2
4
2
2
3
6
1
4
3
10
6
6
4
2
5
2
3
3
0
4
1
1
1
7
0
3
3
4
1
2
3
1
8
3
4
7
2
4
4
3
2
4
1
3
5
2
1
4
3
1
3
1
2
1
0
2
1
3
3
3
5
6
4
2
2
7
6
19
109
218
184
47
8
3
1
4
1
2
3
1
1
4
2
0
4
1
2
2
3
1
3
4
1
2
2
3
5
2
0
2
4
2
1
0
0
5
2
3
0
4
2
5
1
2
2
3
1
5
1
4
2
2
2
3
3
5
1
3
1
3
1
3
0
2
0
1
1
4
1
3
1
3
2
1
3
3
3
1
1
2
2
0
3
5
2
0
0
3
2
3
3
0
0
3
1
2
3
3
1
1
2
3
4
2
4
1
1
4
0
3
0
6
1
3
3
1
3
0
2
2
1
1
2
2
4
0
0
2
2
2
1
1
0
2
2
2
2
5
1
3
3
3
2
2
0
2
1
2
1
3
1
4
1
3
2
1
0
0
2
3
5
0
0
2
0
1
0
3
7
17
14
9
3
1
1
1
1
2
2
0
1
1
1
1
0
4
1
1
1
0
1
2
1
2
4
1
1
2
3
1
1
3
2
1
1
1
1
0
4
1
0
1
0
2
2
2
15
31
12
6
2
1
2
1
0
1
0
4
1
1
1
1
3
5
1
3
2
2
2
0
1
2
0
1
0
0
3
2
1
2
1
2
1
2
0
0
2
2
0
0
1
1
1
0
1
2
0
2
0
5
1
2
1
1
1
0
2
1
4
1
1
1
4
1
2
1
0
1
1
1
0
3
1
1
1
1
2
0
4
2
0
0
0
0
3
2
1
1
2
1
0
2
0
2
5
2
2
3
2
3
1
1
1
3
2
3
1
2
1
1
2
2
0
0
1
2
2
2
2
1
0
0
2
0
2
1
1
0
1
0
0
0
2
1
1
2
0
2
2
0
1
3
0
1
1
0
1
1
0
2
0
1
5
1
0
2
2
2
1
0
2
1
0
1
0
2
1
2
0
2
0
1
1
3
2
3
1
3
0
1
2
0
0
1
2
1
2
0
1
2
1
0
2
2
0
3
3
1
2
2
0
0
0
3
2
1
1
0
2
1
2
2
4
0
0
2
3
0
0
3
0
2
0
1
1
2
0
2
1
0
0
0
1
2
0
4
2
0
1
1
1
1
0
2
2
4
4
8
6
3
4
1
0
2
0
3
0
1
2
5
2
4
0
0
1
0
1
1
2
0
1
0
0
1
1
0
1
4
2
1
2
1
1
2
2
2
3
2
1
0
2
3
0
2
1
2
0
2
1
2
0
1
1
0
3
1
2
1
1
0
4
0
0
0
1
2
0
2
1
3
0
1
1
0
2
2
0
2
2
1
1
1
1
0
1
2
0
1
3
2
0
2
0
1
2
1
0
1
0
1
0
2
2
0
1
1
0
1
1
2
2
0
2
3
1
1
1
0
2
0
3
3
1
4
0
4
1
0
1
0
1
0
4
1
2
0
1
5
1
0
0
0
1
2
2
1
2
1
0
1
1
1
2
0
0
0
0
0
2
0
0
0
0
2
0
1
0
1
1
1
0
2
1
1
1
0
1
0
0
0
2
0
2
2
0
1
1
1
1
0
1
0
2
1
2
1
0
0
1
2
0
3
0
0
1
1
0
0
0
0
4
0
0
0
3
2
0
1
0
1
1
0
1
0
0
0
1
0
0
0
0
2
0
0
0
0
0
0
0
1
0
2
1
0
0
0
2
1
0
0
0
2
1
1
0
0
0
1
6
1
0
0
0
0
1
2
1
0
0
0
0
1
1
0
2
0
0
0
0
0
0
0
0
1
1
0
0
2
0
0
1
0
0
2
0
0
3
0
0
1
0
2
1
0
0
0
0
1
1
0
0
1
0
2
0
0
1
0
0
0
0
0
0
1
2
1
0
1
1
0
0
0
0
0
0
0
0
2
0
0
0
0
2
2
1
1
0
0
0
0
0
0
0
1
1
0
2
1
2
0
0
7
19
23
18
3
2
0
1
1
1
1
1
0
0
1
1
2
0
0
2
1
0
1
0
1
2
2
0
0
0
2
0
0
0
0
0
0
1
1
0
0
1
0
0
1
0
0
1
0
0
0
0
1
0
0
0
1
1
0
0
2
1
1
0
0
0
0
2
0
0
1
1
1
1
0
1
0
1
0
0
1
0
0
0
0
1
0
0
0
0
0
1
1
1
1
3
1
0
1
2
0
0
0
0
1
1
0
0
0
0
0
0
0
1
0
0
0
1
0
0
0
0
1
1
0
0
0
2
0
0
0
0
0
0
0
0
1
0
0
0
0
0
0
0
0
0
0
0
0
0
0
0
1
0
1
0
2
1
0
0
2
1
0
0
1
0
0
0
0
0
0
0
0
0
0
1
1
0
0
0
0
0
0
0
1
0
0
0
0
0
0
0
0
1
0
1
1
0
0
0
0
0
0
0
1
1
0
1
0
0
0
0
1
0
0
1
0
0
0
0
0
0
2
1
0
0
0
0
1
1
0
0
0
2
0
0
0
1
0
0
0
0
0
0
0
0
0
1
1
0
0
0
0
0
0
1
1
1
0
0
0
0
0
1
1
0
0
0
2
0
1
0
1
0
0
0
0
0
0
0
1
0
0
1
1
2
5
1
0
0
0
0
0
0
0
0
0
0
2
0
0
0
0
0
0
0
0
0
1
1
0
0
1
1
0
0
0
1
0
0
0
0
0
0
0
0
0
0
0
0
1
0
0
1
0
0
0
0
0
0
0
0
0
1
0
0
0
1
0
0
0
0
0
0
0
1
0
0
0
0
0
0
0
0
1
0
0
0
0
0
0
0
0
0
0
0
0
0
0
0
0
0
0
0
0
1
0
0
1
0
0
0
0
0
0
0
0
0
0
0
0
0
0
0
0
0
0
0
1
1
0
0
0
0
0
0
0
0
0
0
0
0
0
0
0
1
1
2
1
1
0
0
0
0
0
0
0
0
0
0
0
0
0
0
0
0
0
0
0
0
0
0
0
0
0
0
0
0
0
0
0
0
0
0
0
0
0
0
0
0
0
0
0
0
0
0
0
0
0
0
0
0
0
0
0
0
0
1
0
0
0
0
0
0
0
0
0
0
0
0
0
0
0
0
0
0
0
0
0
0
1
0
2
4
0
1
0
0
0
0
0
0
0
0
0
0
0
0
0
0
0
0
0
0
0
0
0
0
0
0
0
0
0
0
0
0
0
0
0
0
0
0
0
0
0
0
0
0
0
0
0
0
0
0
0
0
0
0
0
0
0
0
0
0
0
0
0
0
0
0
0
0
0
0
0
0
0
0
0
0
0
0
0
0
0
0
0
0
0
0
0
0
0
0
0
0
0
0
0
0
0
0
0
0
0
0
0
0
0
0
0
0
0
0
0
0
0
0
0
0
0
0
0
0
0
0
1
0
0
1
0
0
0
0
0
0
0
0
0
0
0
0
0
0
0
0
0
0
0
0
0
0
0
0
0
0
0
0
0
0
0
0
0
0
0
0
0
0
0
0
0
0
0
0
0
0
0
0
0
0
0
0
0
0
0
0
0
0
0
0
0
0
0
0
0
1
1
0
0
0
0
0
0
0
0
0
0
0
0
0
0
0
0
0
0
0
0
0
0
0
0
0
0
0
0
0
0
0
0
0
0
0
0
0
0
0
0
0
0
0
0
0
0
0
0
0
0
0
0
0
0
0
0
0
0
0
0
0
0
0
0
0
0
0
0
0
0
0
0
0
0
0
0
0
0
0
0
0
0
0
0
0
0
0
0
0
0
0
0
0
0
1
0
0
0
0
0
0
0
0
0
0
0
0
0
0
0
0
0
0
0
0
0
0
0
0
0
0
0
0
0
0
0
0
0
0
0
0
0
0
0
0
0
0
0
0
0
0
0
0
0
0
0
0
0
0
0
0
0
0
0
0
0
0
0
0
0
0
0
0
0
0
0
0
0
0
0
0
0
0
0
0
1
0
0
0
0
0
0
0
0
0
0
0
0
0
0
0
0
0
0
0
0
0
0
0
0
0
0
0
0
0
0
0
0
0
0
0
0
0
0
0
0
0
0
0
0
0
0
1
0
0
0
0
0
0
0
0
0
0
0
0
0
0
0
0
0
0
0
0
0
0
0
0
0
0
0
0
0
0
1
0
0
0
0
0
0
0
0
0
0
0
0
0
0
0
0
0
0
0
0
0
0
0
0
0
0
0
0
0
0
0
0
0
0
0
0
0
1
0
0
0
0
0
0
0
0
0
0
0
0
0
0
0
0
0
0
0
0
0
0
0
0
1
0
0
0
0
0
0
0
0
0
0
0
0
0
0
0
0
0
0
0
0
0
0
0
0
0
0
0
0
0
0
0
0
0
0
0
0
0
0
0
0
0
0
1
0
0
0
0
0
0
0
0
0
0
0
0
0
0
0
0
0
0
0
0
0
0
0
0
0
0
0
0
0
0
0
0
0
0
0
0
0
0
0
0
0
0
0
0
0
0
0
0
0
0
0
0
0
0
0
1
0
0
0
0
0
0
0
0
0
0
1
0
0
0
0
0
0
0
0
0
0
0
0
0
0
0
0
0
0
0
0
0
0
0
0
0
0
0
0
0
0
0
0
0
0
0
0
0
0
0
0
0
0
0
0
0
0
0
0
0
0
0
0
0
0
0
0
0
0
0
0
0
0
0
0
0
0
0
0
0
0
0
0
0
0
0
0
0
0
0
0
0
0
0
0
0
0
0
0
0
0
0
0
0
0
0
0
0
0
0
0
0
0
0
0
0
0
0
0
0
0
0
0
0
0
0
0
0
0
0
0
0
0
0
0
0
0
0
0
0
0
0
0
0
0
0
0
0
0
0
0
0
0
0
0
0
0
1
0
0
0
0
0
0
0
1
0
0
0
0
0
0
0
0
0
0
0
0
0
0
0
0
0
0
0
0
0
0
0
0
0
0
0
0
0
0
0
0
0
0
0
0
0
0
0
0
0
0
0
0
0
0
0
0
0
0
0
0
0
0
0
0
0
0
0
0
0
0
0
0
0
0
0
0
0
0
0
0
0
0
0
0
0
0
0
0
0
0
0
0
0
0
0
0
0
1
0
0
0
0
0
0
0
0
0
0
0
0
0
0
0
0
1
0
0
0
0
0
0
0
0
0
0
0
0
0
0
0
0
0
1
1
0
0
0
0
0
0
0
0
0
0
0
0
0
0
0
0
0
0
0
0
0
0
0
0
0
0
0
0
0
0
0
0
0
0
0
0
0
0
0
0
0
0
0
0
0
0
0
0
0
0
0
0
0
0
0
0
0
0
0
0
0
0
0
0
0
0
0
0
0
0
0
0
0
0
0
0
0
0
1
0
0
0
0
0
0
0
0
0
0
0
0
0
0
0
0
0
0
0
0
0
0
0
0
0
0
0
0
0
0
0
0
0
0
0
0
0
0
0
0
0
0
0
0
0
0
0
0
0
1
0
0
0
0
0
0
0
0
0
0
0
0
0
0
0
0
0
0
0
0
0
0
0
0
0
0
0
0
0
0
0
0
0
0
0
0
0
0
0
0
0
0
0
0
0
0
0
0
0
0
0
0
0
0
0
0
0
0
0
0
0
0
0
0
0
0
0
0
0
0
0
0
0
0
0
0
0
0
0
0
0
0
0
0
0
0
0
0
0
0
0
0
0
0
1
0
0
0
0
0
0
0
0
0
0
0
0
0
0
0
0
0
0
0
0
0
0
0
0
0
0
0
0
0
0
0
0
0
0
0
0
0
0
0
0
0
0
0
0
0
0
0
0
0
0
0
0
0
0
0
0
0
0
0
0
0
0
0
0
0
0
0
1
0
0
0
0
0
0
0
0
0
0
0
0
0
0
0
0
0
0
0
0
0
0
0
0
0
0
0
0
0
0
0
0
0
0
0
0
0
0
0
0
0
0
0
0
0
0
0
0
0
0
0
0
0
0
0
0
0
0
0
0
0
0
0
0
0
0
0
0
0
0
0
0
0
0
0
1
0
0
0
0
0
0
0
0
0
0
0
0
0
0
0
0
0
0
0
0
0
0
0
0
0
0
0
0
0
0
0
0
0
0
0
0
0
0
0
0
0
0
0
0
0
0
0
0
0
0
0
0
0
0
0
0
0
0
0
0
0
0
0
0
0
0
0
0
0
0
0
0
0
0
0
0
0
0
0
0
0
0
0
0
1
0
0
1
0
0
0
0
0
0
0
0
0
0
0
0
0
0
0
0
0
0
0
0
0
0
0
0
0
0
0
0
0
0
0
0
0
0
0
0
0
0
0
0
0
0
0
0
0
0
0
0
0
0
0
0
0
0
0
0
0
0
0
0
0
0
0
0
0
0
$ROI:
0
$ENER_FIT:
-7.358645 0.813934
$MCA_CAL:
3
-7.358645e+000 8.139344e-001 0.000000e+000
